eval_loss = 0.3266788125038147
eval_accuracy_score = 0.9459072431633407
eval_precision = 0.6153047989623865
eval_recall = 0.6325333333333333
eval_f1 = 0.6238001314924391
epoch = 30.0
total_flos = 3982869219571200
